9.00
# Real | RAGE project by The Real_Gabe http://www.realrage.therealgabe.net | Do not claim you made this mod and don’t upload and/or alter it without my permission
#################################################################################################################################################
#																																				#
#  The table below is used to look up what happens to a material when it collides with another													#
#  To see what happens to a material we look up its row and then cross reference with the column of												#
#  the material it has collided with the resulting index is used in the list of infos below this table											#
#  to find out what to do to the material																										#
#																																				#
#################################################################################################################################################
#																																				#
#						PUNCH_KICK				PISTOL_SMALL			SHOTGUN				ROCKET						LASER					#
#						    MELEE_WOOD				PISTOL_LARGE			RIFLE_ASSAULT  	    GRENADE						STUNGUN				#
#								MELEE_METAL				PISTOL_SILENCED			RIFLE_SNIPER		MOLOTOV						HEAVY_MG		#
#									MELEE_SHARP				RUBBER    	    		   					FIRE						VEHICLE_MG	#
#										MELEE_GENERIC			SMG											EXPLOSION					SPARE2  #
#																																				#
#################################################################################################################################################

WEAPONFX_TABLE_START

VOID					0   0	0   0	0		0   0   0   0	0		0   0   0   		903   0   0   0 903	    	0	0   0	0	0
GENERIC					0   500 500 500 500		999 999 999 999 999		999 999 999			903 908 950 900	903	    	0	700 999	999	0
																																	
CONCRETE				0   500 500 500 500		110 111 110 130	110		114 111 111			904 909 950 900	904			0	700 113	112	0
CONCRETE_DUSTY			0   500 500 500 500		110 111 110 130	110		114 111 111			904 909 950 900	904			0	700 113	112	0
TARMAC					0   500 500 500 500		295 296 295 130	295		299 296 296			904 909 950 900	904			0	700 298	297	0
TARMAC_BRITTLE			0   500 500 500 500		295 296 295 130	295		298 296 296			904 909 950 900	904	    	0	700 297	297	0
STONE					0   500 500 500 500		110 111 110 130	110		114 111 111			904 909 950 900	904			0	700 113	112	0
BRICK					0   500 500 500 500		260 261 260 130	260		264 261 261			904 909 950 900	904			0	700 263	262	0
MARBLE					0   500 500 500 500		110 111 110 130	110		114 111 111			904 909 950 900	904			0	700 113	112	0
PAVING					0   500 500 500 500		110 111 110 130	110		114 111 111			904 909 950 900	904			0	700 113	112	0
SANDSTONE				0   500 500 500 500		170 171 170 170	171		174 171 171			904 909 950 900	904			0	700 173	172	0
SANDSTONE_BRITTLE		0   500 500 500 500		170 171 170 170	171		174 171 171			904 909 950 900	904			0	700 173	172	0
																																	
SAND_LOOSE				0   0   0   0   0   	155 156 155 155	155		159 156 156			905 910 950 900	905			0	700 158	157	0
SAND_COMPACT			0   0   0   0   0   	160 161 160 160	161		164 161 161			905 910 950 900	905			0	700 163	162	0
SAND_WET				0   0   0   0   0   	165 166 165 165	165		169 166 166			905 910 950 900	905			0	700 168	167	0
SAND_UNDERWATER			0   0   0   0   0   	165 166 165 165	165		169 166 166			905 910 950 900	905			0	700 168	167	0
SAND_DEEP				0   0   0   0   0   	155 156 155 155	155		159 156 156			905 910 950 900	905			0	700 158	157	0
SAND_WET_DEEP			0   0   0   0   0   	165 166 165 165	165		169 166 166			905 910 950 900	905			0	700 168	167	0
ICE						0   530 530 530 530		240 241 240 240	240		244 241 241			903 911 950 900	903 	    0	700 243	242	0
SNOW_LOOSE				0   280 280 280 280 	280 281 280 280	240		284 281 281			905 910 950 900	905 	    0	700 283	282	0
SNOW_COMPACT			0   530 530 530 530		240 241 240 240	240		244 241 241			905 910 950 900	905 	    0	700 243	242	0
GRAVEL					0   500 500 500 500		150 151 150 130	150		154 151 151			903 911 950 900	903			0	700 153	152	0
GRAVEL_DEEP				0   500 500 500 500		150 151 150 130	150		154 151 151			903 911 950 900	903			0	700 153	152	0
DIRT_DRY				0   0   0   0   0   	200 201 200 200	200		204 201 201			905 910 950 900	905			0	700 203	202	0
MUD_SOFT				0   0   0   0   0   	165 166 165 165	165		169 166 166			905 910 950 900	905			0	700 168	167	0
MUD_DEEP				0   0   0   0   0   	165 166 165 165	165		169 166 166			905 910 950 900	905			0	700 168	167	0
MUD_UNDERWATER			0   0   0   0   0   	165 166 165 165	165		169 166 166			905 910 950 900	905			0	700 168	167	0
CLAY					0   0   0   0   0   	180 180 180 180	180		180 180 181			905 910 950 900	905 	    0	700 181	181	0
																																	
GRASS					0   0	0   0	0		183 184 183 130	183		187 184 184			903 911 950 900	907 	    0	700 186	185	0
GRASS_SHORT				0   0	0   0	0		184 184 184 184	184		184 184 185			903 911 950 900	907 	    0	700 185	185	0
HAY						0   0	0   0	0		195 196 195 195	195		199 196 196			904 909 950 900	904			0	700 198	197	0
BUSHES					0   210 210 210 210		210 210 210 210 210 	215 211 211 		903 911 950 907 907 	    0	700 213	212	0
TREE_BARK				0   520 520 520 520		120 121 120 130	121		122 121 121			903 911 950 900	906 	    0	700 121	121	0
LEAVES					0   210 210 210 210 	210 211 210 210 210 	215 211 211 		903 911 950 900	908			0	700 213	212	0
																																	
METAL					0   510 510 510 510 	101 102 101 130	101		105 102 102			903 911 950 900	903 	    0	702 104	103	0
																																	
WOOD					0   520 520 520 520		120 121 120 130	120		122 121 121			903 911 950 900	906 	    0	700 124	123	0
WOOD_DUSTY				0   520 520 520 520		120 121 120 130	120		122 121 121			903 911 950 900	906 	    0	700 124	123	0
WOOD_SPLINTER			0   520 520 520 520		120 121 120 130	120		122 121 121			903 911 950 900	906			0	700 124	123	0
																																	
CERAMIC					0   500 500 500 500		110 111 110 130	110		114 111 111			903 911 950 900	903 	    0	700 113	112	0
CARPET_FABRIC			0   0   0   0   0		220 221 220 130	220		224 221 221			903 911 950 900	903 	    0	700 223	222	0
CARPET_FABRIC_DUSTY		0   0   0   0   0		220 221 220 130	220		224 221 221			903 911 950 900	903 	    0	700 223	222	0
PLASTIC					0   500 500 500 500		134 135 134 130	134		138 135 135			903 911 950 900	903 	    0	702 136	137	0
PLASTIC_HOLLOW			0   500 500 500 500		134 135 134 130	134		138 135 135			903 911 950 900	903 	    0	702 136	137	0
RUBBER					0   0   0   0   0		130 130 130 130	130 	133 130 131 		903 911 950 900	906 	    0	700 132	132	0
LINOLEUM				0   520 520 520 520		110 111 110 130	110		114 111 113			903 911 950 900	903			0	700 113	112	0
PLASTER_BRITTLE			0   500 500 500 500		115 116 115 130	150		119 116 118			903 911 950 900	903 	    0	700 118	117	0
CARDBOARD				0   0   0   0   0		190 191 190 130	190		194 191 191			903 911 950 900	903 	    0	702 193	192	0
PAPER					0   0   0   0	0		140 141 140 130	140		144 141 141			903 911 950 900	903 	    0	702 143	142	0
FOAM					0   0   0   0	0		175 176 175 175	175		179 176 176			903 911 950 900	904			0	700 178	177	0
FEATHERS				0   230 230 230 230 	230 231 230 230	230		234 231 231			903 911 950 900	903 	    0	700 233	232	0
TVSCREEN				0   240 240 240 240 	240 241 240 240	240		244 241 241			903 911 950 900	903 	    0	700 243	242	0
																																	
GLASS					531 530 530 530 530		50  51  50  50	51		01  52  55			57	57 950 900	57			0	50	58	56	0
GLASS_BULLETPROOF		0   240 240 240 240 	240 241 240 240	240		244 241 241			903 911 950 900	903 	    0	700 243	56	0
																																	
CAR_METAL				0   515 510 510 510 	101 102 101 130	101		105 102 102			903 911 950 900	903 	    0	702 104	103	0
CAR_PLASTIC				0   515 510 510 510 	134 135 134 130	134		138 135 135			903 911 950 900	903 	    0	702 136	137	0
CAR_GLASS				531 530 530 530 530		50  51  50  50	51		01  52  55			57	57  950 900	57			0	50	58	56	0
																																	
PUDDLE					0   0	0   0	0		310 310 310 310	310		310 310 310			312 313 313	0	0	    	0	0   314	315	0

LIQUID_WATER			0   0	0   0	0		310 310 310 310	310		310 310 310			312 313 313	0	0	    	0	0   314	311	0
LIQUID_BLOOD			0   0	0   0	0		320 320 320 320	320		320 320 320			321 321 321 0	0	    	0	0   320	320	0
LIQUID_OIL				0   0	0   0	0		330 330 330 330	330		330 330 330			331 331 331 0	0	    	0	0   330	330	0
LIQUID_PETROL			0   0	0   0	0		340 340 340 340	340		340 340 340			341 341 341 0	0	    	0	0   340	340	0
LIQUID_MUD				0   0	0   0	0		350 350 350 350	350		350 350 350			351 351 351 0	0	    	0	0   350	350	0
																																	
FRESH_MEAT				0   0	0   0	0		290 290 290 290	290		290	291	291			290	290	290	290	290			290	290	291	291	0
DRIED_MEAT				0   0	0   0	0		290 290 290 290	290		290	291	291			290	290	290	290	290			290	290	291	291	0
																																	
PED_HEAD				0   0	0   0	0	 	0   0	0   0	0		0   0	0			0   0	0   0	0 	    	0	701 0	0	0
PED_TORSO				0   0	0   0	0 		0   0	0   0	0		0   0	0			0   0	0   0	0 	    	0	701 0	0	0
PED_LIMB				0   0	0   0	0  		0   0	0   0	0		0   0	0			0   0	0   0	0 	    	0	701 0	0	0
PED_FOOT				0   0	0   0	0  		0   0	0   0	0		0   0	0			0   0	0   0	0 	    	0	701 0	0	0
PED_CAPSULE				0   0	0   0	0  		0   0	0   0	0		0   0	0			0   0	0   0	0 	    	0	701	0	0	0
																																	
BRKGLASS_LOOKUP			0   0	0   0	0  		1   1   1   1	1		2   1   2			2   2	0   0	3 	    	0	0   2	2	0


WEAPONFX_TABLE_END



# MATERIAL ENTRIES BELOW: 127


WEAPONFX_INFO_START

#########################################################################################################################################################################################################
#		DECAL INFO ----------------------------------------------------------------------------------------------------------------------------->		PTFX INFO ---------------------------------->	#
# ID	DECAL	<---- STRETCH ----->	RANGE	COL_TINT			SIZE ----->		OVERLAY	DUPLIC	LIFE ----->		FADEIN	EXCLUS	SHOTGUN	---->		FX_SYS					RANGE	FX		LOD		#
#		ID		ID		DOT		MULT			R   G	B	A		MIN		MAX		MAX RAD	REJECT	MIN		MAX				MTL		DECAL	SCALE	    								SCALE	SCALE	#
#########################################################################################################################################################################################################

# BULLETS VS MATERIALS

# GLASS (FIRST HALF OF EACH IS THE NON BLOOD VARIANT - SECOND HALF OF EACH IS THE 'WITH BLOOD' VARIANT - MUST HAVE AN ID UNDER 100 TO WORK)
01		4102	4102	0.0		1.0		100.0	255 255	255	255		0.4		0.65	0.0		0.41	-1.0	-1.0	0.1		0		4207	1.1	    	bul_glass_shotgun		60.0	1.1		1.1
01		4102	4102	0.0		1.0		100.0	255 255	255	255		0.43	0.65	0.0		0.41	-1.0	-1.0	0.1		0		4207	1.0	    	bul_glass_shotgun		60.0	1.1		1.1	
01		4104	4104	0.0		1.0		100.0	255 255	255	255		0.43	0.65	0.0		0.41	-1.0	-1.0	0.1		0		4205	1.0	    	bul_glass_shotgun		60.0	1.1		1.1	
01		4104	4104	0.0		1.0		100.0	255 255	255	255		0.43	0.65	0.0		0.41	-1.0	-1.0	0.1		0		4205	1.0	    	bul_glass_shotgun		60.0	1.1		1.1	
50		4102	4102	0.0		1.0		50.0	255 255	255	255		0.4		0.6		0.0		0.1		-1.0	-1.0	0.0		0		-1		1.0	    	bul_glass				60.0	1.1		1.1
50		4104	4104	0.0		1.0		50.0	255 255	255	255		0.45	0.6		0.0		0.1		-1.0	-1.0	0.0		0		-1		1.0	    	bul_glass				60.0	1.1		1.1
51		4102	4102	0.0		1.0		80.0	255 255	255	255		0.3		0.6		0.0		0.1		-1.0	-1.0	0.0		0		-1		1.0	    	bul_glass				60.0	1.1		1.1
51		4104	4104	0.0		1.0		80.0	255 255	255	255		0.45	0.6		0.0		0.1		-1.0	-1.0	0.0		0		-1		1.0	    	bul_glass				60.0	1.1		1.1
52		4102	4102	0.0		1.0		100.0	255 255	255	255		0.5		0.65	0.0		0.1		-1.0	-1.0	0.0		0		-1		1.0	    	bul_glass				60.0	1.1		1.1
52		4104	4104	0.0		1.0		100.0	255 255	255	255		0.45	0.6		0.0		0.1		-1.0	-1.0	0.0		0		-1		1.0	    	bul_glass				60.0	1.1		1.1
55		4102	4102	0.0		1.0		200.0	255 255	255	255		0.8		1.0		0.0		0.2		-1.0	-1.0	0.0		0		-1		1.0	    	bul_glass				120.0	2.2		1.4
55		4104	4104	0.0		1.0		200.0	255 255	255	255		0.9		1.2		0.0		0.2		-1.0	-1.0	0.0		0		-1		1.0	    	bul_glass				120.0	2.2		1.4
56		4102	4102	0.0		1.0		400.0	255 255	255	255		3.0		3.4		0.0		1.0		-1.0	-1.0	0.0		0		-1		1.0	    	bul_glass_heli			350.0	4.2		4.1
56		4104	4104	0.0		1.0		400.0	255 255	255	255		3.0		3.4		0.0		1.0		-1.0	-1.0	0.0		0		-1		1.0	    	bul_glass_heli			350.0	4.2		4.1
57		4102	4102	0.0		1.0		200.0	255 255	255	255		2.4		2.8		0.0		0.5		-1.0	-1.0	0.0		0		-1		1.0	    	-						60.0	2.1		1.3
57		4104	4104	0.0		1.0		200.0	255 255	255	255		2.6		3.0		0.0		0.5		-1.0	-1.0	0.0		0		-1		1.0	    	-						60.0	2.1		1.3
58		4102	4102	0.0		1.0		400.0	255 255	255	255		1.8		2.2		0.0		0.4		-1.0	-1.0	0.0		0		-1		1.0	    	bul_glass_mini			350.0	2.6		2.9
58		4104	4104	0.0		1.0		400.0	255 255	255	255		2.0		2.6		0.0		0.4		-1.0	-1.0	0.0		0		-1		1.0	    	bul_glass_mini			350.0	2.6		2.9



# METAL_CARMETAL
101		4010	4010	0.1		1.0		20.0	255 255	255	255		0.10	0.13	0.0		0.04	-1.0	-1.0	0.0		0		-1		1.0	    	bul_carmetal			60.0	1.1		1.1
102		4010	4010	0.15	1.5		30.0	255 255	255	255		0.11	0.15	0.0		0.06	-1.0	-1.0	0.0		0		-1		1.0	    	bul_carmetal			60.0	1.1		1.1
103		4010	4010	0.3		2.0		80.0	255 255	255	255		0.25	0.3		0.0		0.1		-1.0	-1.0	0.0		0		-1		1.0  	  	bul_carmetal_heli		350.0	2.2		2.2
104		4010	4010	0.35	1.7		60.0	255 255	255	255		0.12	0.17	0.0		0.06	-1.0	-1.0	0.0		0		-1		1.0  	  	bul_carmetal			100.0	1.8		1.8
105		4010	4010	0.2		2.5		70.0	255 255	255	255		0.10	0.15	0.0		0.05	-1.0	-1.0	0.0		0		4202	1.0	    	bul_carmetal			60.0	1.4		1.4


# CONCRETE
110		4020	4020	0.1		1.0		20.0	255 255	255	255		0.10	0.12	0.1		0.0		-1.0	-1.0	0.0		0		-1		1.0	    	bul_concrete			60.0	1.2		1.2
111		4020	4020	0.15	1.5		30.0	255 255	255	255		0.12	0.15	0.17	0.0		-1.0	-1.0	0.0		0		-1		1.0	    	bul_concrete			60.0	1.3		1.3
112		4020	4020	0.3		2.0		80.0	255 255	255	255		0.2		0.25	0.28	0.0		-1.0	-1.0	0.0		0		-1		1.0  	  	bul_concrete_heli		350.0	2.2		2.2
113		4020	4020	0.35	1.7		60.0	255 255	255	255		0.12	0.17	0.2		0.0		-1.0	-1.0	0.0		0		-1		1.0  	  	bul_concrete_minigun	100.0	1.7		1.7
114		4020	4020	0.3		2.0		70.0	255 255	255	255		0.15	0.2		0.1		0.0		-1.0	-1.0	0.0		0		4204	2.0	    	bul_concrete			60.0	1.3		1.3


# PLASTER
115		4020	4020	0.1		1.0		20.0	255 255	255	255		0.10	0.12	0.1		0.0		-1.0	-1.0	0.0		0		-1		1.0	    	bul_plaster_brittle		60.0	1.3		1.3
116		4020	4020	0.15	1.5		30.0	255 255	255	255		0.12	0.15	0.17	0.0		-1.0	-1.0	0.0		0		-1		1.0	    	bul_plaster_brittle		60.0	1.5		1.5
117		4020	4020	0.3		2.0		80.0	255 255	255	255		0.2		0.25	0.28	0.0		-1.0	-1.0	0.0		1		-1		1.0  	  	bul_plaster_brittle		350.0	2.1		2.1
118		4020	4020	0.35	1.7		60.0	255 255	255	255		0.12	0.17	0.2		0.0		-1.0	-1.0	0.0		1		-1		1.0  	  	bul_plaster_brittle		100.0	1.9		1.9
119		4020	4020	0.3		2.0		70.0	255 255	255	255		0.15	0.2		0.1		0.0		-1.0	-1.0	0.0		0		4204	2.0	    	bul_plaster_brittle		60.0	1.8		1.8


# WOOD
120		4050	4050	0.1		1.0		20.0	255 255	255	255		0.10	0.12	0.1		0.0		-1.0	-1.0	0.0		0		-1		1.0	    	bul_wood_splinter		60.0	1.1		1.1
121		4050	4050	0.15	1.5		30.0	255 255	255	255		0.12	0.15	0.17	0.0		-1.0	-1.0	0.0		0		-1		1.0	    	bul_wood_splinter		60.0	1.2		1.2
123		4050	4050	0.3		2.0		80.0	255 255	255	255		0.2		0.25	0.28	0.0		-1.0	-1.0	0.0		1		-1		1.0  	  	bul_wood_splinter_heli	350.0	2.1		2.1
124		4050	4050	0.35	1.7		60.0	255 255	255	255		0.12	0.17	0.2		0.0		-1.0	-1.0	0.0		1		-1		1.0  	  	bul_wood_splinter		100.0	1.8		1.8
122		4050	4050	0.3		2.0		70.0	255 255	255	255		0.15	0.2		0.1		0.0		-1.0	-1.0	0.0		0		4203	1.3	    	bul_wood_splinter		60.0	1.4		1.4


# DEFAULT DECALS (DEFAULT/RUBBER)
130		4040	4040	0.1		1.0		20.0	255 255	255	255		0.10	0.12	0.1		0.0		-1.0	-1.0	0.0		0		-1		1.0	    	bul_rubber_dust			60.0	0.9		1.0
131		4040	4040	0.15	1.5		30.0	255 255	255	255		0.12	0.15	0.17	0.0		-1.0	-1.0	0.0		0		-1		1.0	    	bul_rubber_dust			60.0	0.9		1.0
132		4040	4040	0.35	1.7		60.0	255 255	255	255		0.12	0.17	0.2		0.0		-1.0	-1.0	0.0		1		-1		1.0  	  	bul_rubber_dust			150.0	1.7		1.7
133		4040	4040	0.3		2.0		70.0	255 255	255	255		0.15	0.2		0.1		0.0		-1.0	-1.0	0.0		0		4202	1.3	    	bul_rubber_dust			60.0	1.2		1.2


# DEFAULT PLASTIC
134		4040	4040	0.1		1.0		20.0	255 255	255	255		0.10	0.13	0.0		0.04	-1.0	-1.0	0.0		0		-1		1.0	    	bul_plastic				60.0	1.0		1.0
135		4040	4040	0.15	1.5		30.0	255 255	255	255		0.11	0.15	0.0		0.06	-1.0	-1.0	0.0		0		-1		1.0	    	bul_plastic				60.0	1.0		1.0
136		4040	4040	0.3		2.0		80.0	255 255	255	255		0.25	0.3		0.0		0.1		-1.0	-1.0	0.0		0		-1		1.0  	  	bul_plastic				350.0	2.0		2.0
137		4040	4040	0.35	1.7		60.0	255 255	255	255		0.12	0.17	0.0		0.06	-1.0	-1.0	0.0		0		-1		1.0  	  	bul_plastic				100.0	1.5		1.5
138		4040	4040	0.3		2.0		70.0	255 255	255	255		0.17	0.2		0.0		0.3		-1.0	-1.0	0.0		0		4200	2.0	    	bul_plastic				60.0	1.2		1.2


# PAPER
140		4040	4040	0.1		1.0		20.0	255 255	255	255		0.10	0.13	0.0		0.04	-1.0	-1.0	0.0		0		-1		1.0	    	bul_paper				60.0	1.1		1.1
141		4040	4040	0.15	1.5		30.0	255 255	255	255		0.11	0.15	0.0		0.06	-1.0	-1.0	0.0		0		-1		1.0	    	bul_paper				60.0	1.2		1.2
142		4040	4040	0.3		2.0		80.0	255 255	255	255		0.25	0.3		0.0		0.1		-1.0	-1.0	0.0		0		-1		1.0  	  	bul_paper				350.0	2.0		2.0
143		4040	4040	0.35	1.7		60.0	255 255	255	255		0.12	0.17	0.0		0.06	-1.0	-1.0	0.0		0		-1		1.0  	  	bul_paper				100.0	1.4		1.4
144		4040	4040	0.3		2.0		70.0	255 255	255	255		0.17	0.2		0.0		0.3		-1.0	-1.0	0.0		0		4200	2.0	    	bul_paper				60.0	1.3		1.3


# GRAVEL
150		4020	4020	0.1		1.0		20.0	255 255	255	120		0.10	0.12	0.1		0.0		-1.0	-1.0	0.0		0		-1		1.0	    	bul_gravel				60.0	1.2		1.2
151		4020	4020	0.15	1.5		30.0	255 255	255	120		0.12	0.15	0.17	0.0		-1.0	-1.0	0.0		0		-1		1.0	    	bul_gravel				60.0	1.4		1.4
152		4020	4020	0.3		2.0		80.0	255 255	255	120		0.2		0.25	0.28	0.0		-1.0	-1.0	0.0		0		-1		1.0  	  	bul_gravel_heli			350.0	2.0		2.0
153		4020	4020	0.35	1.7		60.0	255 255	255	120		0.12	0.17	0.2		0.0		-1.0	-1.0	0.0		0		-1		1.0  	  	bul_gravel				100.0	1.6		1.6
154		4020	4020	0.3		2.0		70.0	255 255	255	120		0.15	0.2		0.1		0.0		-1.0	-1.0	0.0		0		4204	2.0	    	bul_gravel				60.0	1.3		1.3
	

# SAND LOOSE
155		4053	4053	0.1		1.0		20.0	255 255	255	255		0.10	0.12	0.1		0.0		-1.0	-1.0	0.0		0		-1		1.0	    	bul_sand_loose			60.0	1.5		1.5
156		4053	4053	0.15	1.5		30.0	255 255	255	255		0.12	0.15	0.17	0.0		-1.0	-1.0	0.0		0		-1		1.0	    	bul_sand_loose			60.0	1.6		1.6
157		4053	4053	0.3		2.0		80.0	255 255	255	255		0.2		0.25	0.28	0.0		-1.0	-1.0	0.0		0		-1		1.0  	  	bul_sand_loose_heli		350.0	2.0		2.0
158		4053	4053	0.35	1.7		60.0	255 255	255	255		0.12	0.17	0.2		0.0		-1.0	-1.0	0.0		0		-1		1.0  	  	bul_sand_loose			100.0	1.9		1.9
159		4053	4053	0.3		2.0		70.0	255 255	255	255		0.15	0.2		0.1		0.0		-1.0	-1.0	0.0		0		4204	2.0	    	bul_sand_loose			60.0	1.7		1.7


# SAND COMPACT
160		4032	4032	0.1		1.0		20.0	255 255	255	210		0.10	0.12	0.1		0.0		-1.0	-1.0	0.0		0		-1		1.0	    	bul_dirt				60.0	1.3		1.3
161		4032	4032	0.15	1.5		30.0	255 255	255	210		0.12	0.15	0.17	0.0		-1.0	-1.0	0.0		0		-1		1.0	    	bul_dirt				60.0	1.2		1.2
162		4032	4032	0.3		2.0		80.0	255 255	255	210		0.2		0.25	0.28	0.0		-1.0	-1.0	0.0		0		-1		1.0  	  	bul_dirt_heli			350.0	2.0		2.0
163		4032	4032	0.35	1.7		60.0	255 255	255	210		0.12	0.17	0.2		0.0		-1.0	-1.0	0.0		0		-1		1.0  	  	bul_dirt				100.0	1.6		1.6
164		4032	4032	0.3		2.0		70.0	255 255	255	210		0.15	0.2		0.1		0.0		-1.0	-1.0	0.0		0		4204	2.0	    	bul_dirt				60.0	1.5		1.5


# SAND WET AND MUD
165		4032	4032	0.1		1.0		20.0	255 255	255	225		0.10	0.12	0.1		0.0		-1.0	-1.0	0.0		0		-1		1.0	    	bul_mud					60.0	1.1		1.1
166		4032	4032	0.15	1.5		30.0	255 255	255	225		0.12	0.15	0.17	0.0		-1.0	-1.0	0.0		0		-1		1.0	    	bul_mud					60.0	1.3		1.3
167		4032	4032	0.3		2.0		80.0	255 255	255	225		0.2		0.25	0.28	0.0		-1.0	-1.0	0.0		0		-1		1.0  	  	bul_mud_heli			350.0	2.1		2.2
168		4032	4032	0.35	1.7		60.0	255 255	255	225		0.12	0.17	0.2		0.0		-1.0	-1.0	0.0		0		-1		1.0  	  	bul_mud					100.0	1.9		1.9
169		4032	4032	0.3		2.0		70.0	255 255	255	225		0.15	0.2		0.1		0.0		-1.0	-1.0	0.0		0		4204	2.0	    	bul_mud					60.0	2.0		2.0


# SANDSTONE
170		4053	4053	0.1		1.0		20.0	255 255	255	255		0.10	0.12	0.1		0.0		-1.0	-1.0	0.0		0		-1		1.0	    	bul_dirt				60.0	1.3		1.3
171		4053	4053	0.15	1.5		30.0	255 255	255	255		0.12	0.15	0.17	0.0		-1.0	-1.0	0.0		0		-1		1.0	    	bul_dirt				60.0	1.5		1.5
172		4053	4053	0.3		2.0		80.0	255 255	255	255		0.2		0.25	0.28	0.0		-1.0	-1.0	0.0		0		-1		1.0  	  	bul_dirt_heli			350.0	2.1		2.0
173		4053	4053	0.35	1.7		60.0	255 255	255	255		0.12	0.17	0.2		0.0		-1.0	-1.0	0.0		0		-1		1.0  	  	bul_dirt				100.0	2.0		2.0
174		4053	4053	0.3		2.0		70.0	255 255	255	255		0.15	0.2		0.1		0.0		-1.0	-1.0	0.0		0		4204	2.0	    	bul_dirt				60.0	1.7		1.7


# MATTRESS_FOAM
175		4030	4030	0.1		1.0		20.0	255 255	255	255		0.10	0.12	0.1		0.0		-1.0	-1.0	0.0		0		-1		1.0	    	bul_foam				60.0	1.0		1.0
176		4030	4030	0.15	1.5		30.0	255 255	255	255		0.12	0.15	0.17	0.0		-1.0	-1.0	0.0		0		-1		1.0	    	bul_foam				60.0	1.1		1.1
177		4030	4030	0.3		2.0		80.0	255 255	255	255		0.2		0.25	0.28	0.0		-1.0	-1.0	0.0		0		-1		1.0  	  	bul_foam				350.0	2.0		2.0
178		4030	4030	0.35	1.7		60.0	255 255	255	255		0.12	0.17	0.2		0.0		-1.0	-1.0	0.0		0		-1		1.0  	  	bul_foam				100.0	1.7		1.7
179		4030	4030	0.3		2.0		70.0	255 255	255	255		0.15	0.2		0.1		0.0		-1.0	-1.0	0.0		0		4204	2.0	    	bul_foam				60.0	1.4		1.4
                                                                                                                                                       

# GRASS
183		4032	4032	0.0		1.0		20.0	141 111	83	255		0.11	0.14	0.2		0.0		-1.0	-1.0	0.0		1		-1		1.0	    	bul_grass				60.0	1.4		1.4
184		4032	4032	0.0		1.0		20.0	141 111	83	255		0.13	0.15	0.3		0.0		-1.0	-1.0	0.0		1		-1		1.0	    	bul_grass				60.0	1.9		1.9
185		4032	4032	0.0		1.0		20.0	141 111	83	255		0.20	0.25	0.0		0.3		-1.0	-1.0	0.0		1		-1		1.0	    	bul_grass_heli			350.0	2.1		1.3
186		4032	4032	0.0		1.0		20.0	141 111	83	255		0.3		0.5		0.0		0.2		-1.0	-1.0	0.0		1		-1		1.0	    	bul_grass				100.0	2.0		2.0
187		4032	4032	0.0		1.0		20.0	141 111	83	255		0.12	0.18	0.2		0.0		-1.0	-1.0	0.0		0		4204	1.3	    	bul_grass				60.0	1.8		1.8


# HAY
195		4032	4032	0.0		1.0		20.0	255 255	255	255		0.10	0.12	0.2		0.0		-1.0	-1.0	0.0		1		-1		1.0	    	bul_hay					60.0	1.0		1.0
196		4032	4032	0.0		1.0		20.0	255 255	255	255		0.13	0.15	0.2		0.0		-1.0	-1.0	0.0		1		-1		1.0	    	bul_hay					60.0	1.3		1.3
197		4032	4032	0.0		1.0		20.0	255 255	255	255		0.20	0.25	0.4		0.0		-1.0	-1.0	0.0		1		-1		1.0	    	bul_hay					350.0	2.0		1.5
198		4032	4032	0.0		1.0		20.0	255 255	255	255		0.15	0.2		0.3		0.0		-1.0	-1.0	0.0		1		-1		1.0	    	bul_hay					100.0	1.8		1.8
199		4032	4032	0.0		1.0		20.0	255 255	255	255		0.12	0.18	0.2		0.0		-1.0	-1.0	0.0		0		4204	1.3	    	bul_hay					60.0	1.8		1.8


# CARDBOARD
190		4040	4040	0.1		1.0		20.0	255 255	255	255		0.10	0.13	0.0		0.04	-1.0	-1.0	0.0		0		-1		1.0	    	bul_cardboard			60.0	0.6		1.0
191		4040	4040	0.15	1.5		30.0	255 255	255	255		0.11	0.15	0.0		0.06	-1.0	-1.0	0.0		0		-1		1.0	    	bul_cardboard			60.0	0.8		1.0
192		4040	4040	0.3		2.0		80.0	255 255	255	255		0.25	0.3		0.0		0.1		-1.0	-1.0	0.0		0		-1		1.0  	  	bul_cardboard			350.0	2.0		2.0
193		4040	4040	0.35	1.7		60.0	255 255	255	255		0.12	0.17	0.0		0.06	-1.0	-1.0	0.0		0		-1		1.0  	  	bul_cardboard			100.0	1.5		1.5
194		4040	4040	0.3		2.0		70.0	255 255	255	255		0.17	0.2		0.0		0.3		-1.0	-1.0	0.0		0		4200	2.0	    	bul_cardboard			60.0	1.0		1.0


# DIRT_DRY
200		4032	4032	0.1		1.0		20.0	255 255	255	255		0.10	0.12	0.1		0.0		-1.0	-1.0	0.0		0		-1		1.0	    	bul_dirt				60.0	1.3		1.3
201		4032	4032	0.15	1.5		30.0	255 255	255	255		0.12	0.15	0.17	0.0		-1.0	-1.0	0.0		0		-1		1.0	    	bul_dirt				60.0	1.5		1.5
202		4032	4032	0.3		2.0		80.0	255 255	255	255		0.2		0.25	0.28	0.0		-1.0	-1.0	0.0		0		-1		1.0  	  	bul_dirt_heli			350.0	2.1		2.1
203		4032	4032	0.35	1.7		60.0	255 255	255	255		0.12	0.17	0.2		0.0		-1.0	-1.0	0.0		0		-1		1.0  	  	bul_dirt				100.0	1.9		1.9
204		4032	4032	0.3		2.0		70.0	255 255	255	255		0.15	0.2		0.1		0.0		-1.0	-1.0	0.0		0		4204	2.0	    	bul_dirt				60.0	1.5		1.5


# LEAVES_PILE
210		0		0		0.0		1.0		20.0	255 255	255	255		0.0		0.0		0.2		0.0		-1.0	-1.0	0.0		1		-1		1.0	    	bul_leaves				60.0	1.1		1.1
211		0		0		0.0		1.0		20.0	255 255	255	255		0.0		0.0		0.2		0.0		-1.0	-1.0	0.0		1		-1		1.0	    	bul_leaves				60.0	1.4		1.4
212		0		0		0.0		1.0		20.0	255 255	255	255		0.0		0.0		0.2		0.0		-1.0	-1.0	0.0		1		-1		1.0	    	bul_leaves				350.0	2.0		1.5
213		0		0		0.0		1.0		20.0	255 255	255	255		0.0		0.0		0.2		0.0		-1.0	-1.0	0.0		1		-1		1.0	    	bul_leaves				100.0	1.8		1.8
215		0		0		0.0		1.0		20.0	255 255	255	255		0.0		0.0		0.2		0.0		-1.0	-1.0	0.0		1		-1		1.0	    	bul_leaves				60.0	1.5		1.5


# CARPET_FABRIC
220		4040	4040	0.0		1.0		20.0	255 255	255	255		0.11	0.14	0.2		0.0		-1.0	-1.0	0.0		1		-1		1.0	    	bul_foam				60.0	0.8		1.0
221		4040	4040	0.0		1.0		20.0	255 255	255	255		0.13	0.15	0.3		0.0		-1.0	-1.0	0.0		1		-1		1.0	    	bul_foam				60.0	1.2		1.0
222		4040	4040	0.0		1.0		20.0	255 255	255	255		0.20	0.25	0.0		0.3		-1.0	-1.0	0.0		1		-1		1.0	    	bul_foam				350.0	2.0		1.0
223		4040	4040	0.0		1.0		20.0	255 255	255	255		0.3		0.5		0.0		0.2		-1.0	-1.0	0.0		1		-1		1.0	    	bul_foam				100.0	1.5		1.0
224		4040	4040	0.0		1.0		20.0	255 255	255	255		0.12	0.18	0.2		0.0		-1.0	-1.0	0.0		0		4200	1.3	    	bul_foam				60.0	1.0		1.0


# PILLOW_FEATHER
230		4032	4032	0.0		1.0		20.0	255 255	255	120		0.11	0.14	0.2		0.0		-1.0	-1.0	0.0		1		-1		1.0	    	bul_chickenfarm			60.0	1.0		1.2
231		4032	4032	0.0		1.0		20.0	255 255	255	120		0.13	0.15	0.3		0.0		-1.0	-1.0	0.0		1		-1		1.0	    	bul_chickenfarm			60.0	1.3		1.3
232		4032	4032	0.0		1.0		20.0	255 255	255	120		0.20	0.25	0.0		0.3		-1.0	-1.0	0.0		1		-1		1.0	    	bul_chickenfarm			350.0	2.0		1.3
233		4032	4032	0.0		1.0		20.0	255 255	255	120		0.3		0.5		0.0		0.2		-1.0	-1.0	0.0		1		-1		1.0	    	bul_chickenfarm			100.0	1.7		1.2
234		4032	4032	0.0		1.0		20.0	255 255	255	120		0.12	0.18	0.2		0.0		-1.0	-1.0	0.0		0		4204	1.3	    	bul_chickenfarm			60.0	1.2		1.1


# TVSCREEN
240		4102	4102	0.0		1.0		20.0	255 255	255	255		0.11	0.14	0.2		0.0		-1.0	-1.0	0.0		1		-1		1.0	    	bul_glass_tv			60.0	0.8		1.0
241		4102	4102	0.0		1.0		20.0	255 255	255	255		0.13	0.15	0.3		0.0		-1.0	-1.0	0.0		1		-1		1.0	    	bul_glass_tv			60.0	1.2		1.0
242		4102	4102	0.0		1.0		20.0	255 255	255	255		0.20	0.25	0.0		0.3		-1.0	-1.0	0.0		1		-1		1.0	    	bul_glass_tv			350.0	2.0		1.0
243		4102	4102	0.0		1.0		20.0	255 255	255	255		0.3		0.5		0.0		0.2		-1.0	-1.0	0.0		1		-1		1.0	    	bul_glass_tv			100.0	1.5		1.0
244		4102	4102	0.0		1.0		20.0	255 255	255	255		0.12	0.18	0.2		0.0		-1.0	-1.0	0.0		0		4206	1.3	    	bul_glass_tv			60.0	1.0		1.0

																																				
# BRICK
260		4020	4020	0.1		1.0		20.0	255 255	255	255		0.10	0.12	0.1		0.0		-1.0	-1.0	0.0		0		-1		1.0	    	bul_brick				60.0	1.3		1.3
261		4020	4020	0.15	1.5		30.0	255 255	255	255		0.12	0.15	0.17	0.0		-1.0	-1.0	0.0		0		-1		1.0	    	bul_brick				60.0	1.6		1.6
262		4020	4020	0.3		2.0		80.0	255 255	255	255		0.2		0.25	0.28	0.0		-1.0	-1.0	0.0		0		-1		1.0  	  	bul_brick_heli			350.0	2.2		2.2
263		4020	4020	0.35	1.7		60.0	255 255	255	255		0.12	0.17	0.2		0.0		-1.0	-1.0	0.0		0		-1		1.0  	  	bul_brick				100.0	2.1		2.1
264		4020	4020	0.3		2.0		70.0	255 255	255	255		0.15	0.2		0.1		0.0		-1.0	-1.0	0.0		0		4204	2.0	    	bul_brick				60.0	1.8		1.8


# SNOW [PROLOGUE ONLY]
280		4053	4053	0.1		1.0		20.0	255 255	255	120		0.10	0.12	0.1		0.0		-1.0	-1.0	0.0		0		-1		1.0	    	bul_snow				60.0	1.0		1.2
281		4053	4053	0.15	1.5		30.0	255 255	255	120		0.12	0.15	0.17	0.0		-1.0	-1.0	0.0		0		-1		1.0	    	bul_snow				60.0	1.1		1.2
282		4053	4053	0.3		2.0		80.0	255 255	255	120		0.2		0.25	0.28	0.0		-1.0	-1.0	0.0		0		-1		1.0  	  	bul_snow_heli			350.0	2.2		2.2
283		4053	4053	0.35	1.7		60.0	255 255	255	120		0.12	0.17	0.2		0.0		-1.0	-1.0	0.0		0		-1		1.0  	  	bul_snow				100.0	1.8		1.8
284		4053	4053	0.3		2.0		70.0	255 255	255	120		0.15	0.2		0.1		0.0		-1.0	-1.0	0.0		0		4204	2.0	    	bul_snow				60.0	1.2		1.2


# MEAT
290		9006	9006	0.0		1.0		20.0	50	0	0	255		0.09	0.15	0.2		0.0		-1.0	-1.0	0.0		0		-1	1.0	    		bul_decal_blood			60.0	1.6		1.2
291		9006	9006	0.0		1.0		20.0	50	0	0	255		0.09	0.15	0.2		0.0		-1.0	-1.0	0.0		0		-1	1.0	    		bul_decal_blood			60.0	2.1		1.2


# TARMAC
295		4020	4020	0.1		1.0		20.0	255 255	255	255		0.10	0.12	0.1		0.0		-1.0	-1.0	0.0		0		-1		1.0	    	bul_tarmac				60.0	1.4		1.4
296		4020	4020	0.15	1.5		30.0	255 255	255	255		0.12	0.15	0.17	0.0		-1.0	-1.0	0.0		0		-1		1.0	    	bul_tarmac				60.0	1.5		1.5
297		4020	4020	0.3		2.0		80.0	255 255	255	255		0.2		0.25	0.28	0.0		-1.0	-1.0	0.0		0		-1		1.0  	  	bul_tarmac_heli			350.0	2.1		2.1
298		4020	4020	0.35	1.7		60.0	255 255	255	255		0.12	0.17	0.2		0.0		-1.0	-1.0	0.0		0		-1		1.0  	  	bul_tarmac				100.0	1.8		1.8
299		4020	4020	0.3		2.0		70.0	255 255	255	255		0.15	0.2		0.1		0.0		-1.0	-1.0	0.0		0		4204	2.0	    	bul_tarmac				60.0	1.6		1.6



#########################################################################################################################################################################################################
#		DECAL INFO ----------------------------------------------------------------------------------------------------------------------------->		PTFX INFO ---------------------------------->	#
# ID	DECAL	<---- STRETCH ----->	RANGE	COL_TINT			SIZE ----->		OVERLAY	DUPLIC	LIFE ----->		FADEIN	EXCLUS	SHOTGUN	---->		FX_SYS					RANGE	FX		LOD		#
#		ID		ID		DOT		MULT			R   G	B	A		MIN		MAX		MAX RAD	REJECT	MIN		MAX				MTL		DECAL	SCALE	    								SCALE	SCALE	#
#########################################################################################################################################################################################################

# BULLETS VS LIQUID DECALS
# THESE WILL USE DECAL INFORMATION FROM THE UNDERLYING VFXGROUP AND PARTICLE INFO FROM THIS DATA

# WATER
310		0		0		0.0		1.0		20.0	255 255	255	255		0.0		0.0		0.2		0.0		-1.0	-1.0	0.0		0		-1	1.0	    		bul_decal_water			60.0	2.5		2.5
311		0		0		0.0		1.0		20.0	255 255	255	255		0.0		0.0		0.2		0.0		-1.0	-1.0	0.0		0		-1	1.0	    		bul_decal_water			500.0	15.0	15.0
312		0		0		0.0		1.0		20.0	255 255	255	255		0.0		0.0		0.2		0.0		-1.0	-1.0	0.0		0		-1	1.0	    		bul_decal_water			60.0	5.5		5.0
313		0		0		0.0		1.0		20.0	255 255	255	255		0.0		0.0		0.2		0.0		-1.0	-1.0	0.0		0		-1	1.0	    		bul_decal_water			60.0	2.6		2.3
314		0		0		0.0		1.0		20.0	255 255	255	255		0.0		0.0		0.2		0.0		-1.0	-1.0	0.0		0		-1	1.0	    		bul_decal_water			60.0	2.8		2.2
315		0		0		0.0		1.0		20.0	255 255	255	255		0.0		0.0		0.2		0.0		-1.0	-1.0	0.0		0		-1	1.0	    		bul_decal_water			60.0	3.2		3.2

# BLOOD
320		0		0		0.0		1.0		20.0	255 255	255	255		0.0		0.0		0.2		0.0		-1.0	-1.0	0.0		0		-1	1.0	    		bul_decal_blood			60.0	1.0		1.0
321		0		0		0.0		1.0		20.0	255 255	255	255		0.0		0.0		0.2		0.0		-1.0	-1.0	0.0		0		-1	1.0	    		bul_decal_blood			60.0	1.2		1.0

# OIL
330		0		0		0.0		1.0		20.0	255 255	255	255		0.0		0.0		0.2		0.0		-1.0	-1.0	0.0		0		-1	1.0	    		bul_decal_oil			60.0	1.0		1.0
331		0		0		0.0		1.0		20.0	255 255	255	255		0.0		0.0		0.2		0.0		-1.0	-1.0	0.0		0		-1	1.0	    		bul_decal_oil			60.0	1.2		1.0

# PETROL
340		0		0		0.0		1.0		20.0	255 255	255	255		0.0		0.0		0.2		0.0		-1.0	-1.0	0.0		0		-1	1.0	    		bul_decal_petrol		60.0	1.0		1.0
341		0		0		0.0		1.0		20.0	255 255	255	255		0.0		0.0		0.2		0.0		-1.0	-1.0	0.0		0		-1	1.0	    		bul_decal_petrol		60.0	1.2		1.0

# MUD
350		0		0		0.0		1.0		20.0	255 255	255	255		0.0		0.0		0.2		0.0		-1.0	-1.0	0.0		0		-1	1.0	    		bul_decal_mud			60.0	1.9		1.9
351		0		0		0.0		1.0		20.0	255 255	255	255		0.0		0.0		0.2		0.0		-1.0	-1.0	0.0		0		-1	1.0	    		bul_decal_mud			60.0	2.2		2.0


#########################################################################################################################################################################################################
#		DECAL INFO ----------------------------------------------------------------------------------------------------------------------------->		PTFX INFO ---------------------------------->	#
# ID	DECAL	<---- STRETCH ----->	RANGE	COL_TINT			SIZE ----->		OVERLAY	DUPLIC	LIFE ----->		FADEIN	EXCLUS	SHOTGUN	---->		FX_SYS					RANGE	FX		LOD		#
#		ID		ID		DOT		MULT			R   G	B	A		MIN		MAX		MAX RAD	REJECT	MIN		MAX				MTL		DECAL	SCALE	    								SCALE	SCALE	#
#########################################################################################################################################################################################################

# MELEE WEAPONS #

# VS CONCRETE
500		4310	4310	0.0		1.0		20.0	255 255	255	255		0.28	0.44	0.2		0.0		-1.0	-1.0	0.0		0		-1		1.0	    	-						60.0	1.1		1.1
500		4310	4310	0.0		1.0		20.0	255 255	255	255		0.18	0.3		0.2		0.0		-1.0	-1.0	0.0		0		-1		1.0	    	-						60.0	1.1		1.1


# VS METAL
510		4314	4314	0.0		1.0		20.0	255 255	255	255		0.09	0.18	0.2		0.0		-1.0	-1.0	0.0		0		-1		1.0	    	mel_carmetal			60.0	1.1		1.1
510		4314	4314	0.0		1.0		20.0	255 255	255	255		0.09	0.18	0.2		0.0		-1.0	-1.0	0.0		0		-1		1.0	    	mel_carmetal			60.0	1.1		1.1


# WOOD VS METAL
515		4314	4314	0.0		1.0		20.0	255 255	255	255		0.07	0.15	0.15	0.0		-1.0	-1.0	0.0		0		-1		1.0	    	-						60.0	1.1		1.1
515		4314	4314	0.0		1.0		20.0	255 255	255	255		0.07	0.15	0.15	0.0		-1.0	-1.0	0.0		0		-1		1.0	    	-						60.0	1.1		1.1


# VS WOOD
520		4312	4312	0.0		1.0		20.0	255 255	255	255		0.2		0.3		0.2		0.0		-1.0	-1.0	0.0		0		-1		1.0	    	-						60.0	1.1		1.1
520		4312	4312	0.0		1.0		20.0	255 255	255	255		0.2		0.3		0.2		0.0		-1.0	-1.0	0.0		0		-1		1.0	    	-						60.0	1.1		1.1


# VS GLASS
530		4100	4100	0.0		1.0		20.0	255 255	255	255		0.8		1.2		0.0		0.5		-1.0	-1.0	0.0		0		-1		1.0	    	-						60.0	1.1		1.1
531		4100	4100	0.0		1.0		20.0	255 255	255	255		0.5		0.8		0.0		0.3		-1.0	-1.0	0.0		0		-1		1.0	    	-						60.0	1.1		1.1


#########################################################################################################################################################################################################
#		DECAL INFO ----------------------------------------------------------------------------------------------------------------------------->		PTFX INFO ---------------------------------->	#
# ID	DECAL	<---- STRETCH ----->	RANGE	COL_TINT			SIZE ----->		OVERLAY	DUPLIC	LIFE ----->		FADEIN	EXCLUS	SHOTGUN	---->		FX_SYS					RANGE	FX		LOD		#
#		ID		ID		DOT		MULT			R   G	B	A		MIN		MAX		MAX RAD	REJECT	MIN		MAX				MTL		DECAL	SCALE	    								SCALE	SCALE	#
#########################################################################################################################################################################################################

# RUBBER BULLET VS GLASS #

540		4100	4100	0.0		1.0		20.0	255 255	255	255		0.5		0.7		0.2		0.0		-1.0	-1.0	0.0		0		-1		1.0	    	-       				60.0	1.0		1.0


# STUNGUN #

700		0		0		0.0		1.0		20.0	255 255	255	255		0.0		0.0		0.2		0.0		-1.0	-1.0	0.0		0		-1		1.0	    	bul_stungun				60.0	1.1 	1.1
701		0		0		0.0		1.0		20.0	255 255	255	255		0.0		0.0		0.2		0.0		-1.0	-1.0	0.0		0		-1		1.0	    	blood_stungun			60.0	1.1		1.1
702		4010	4010	0.0		1.0		20.0	255 255	255	255		0.04	0.04	0.0		0.06	-1.0	-1.0	0.0		0		-1		1.0	    	bul_stungun_metal		60.0	1.0		1.0


#########################################################################################################################################################################################################
#		DECAL INFO ----------------------------------------------------------------------------------------------------------------------------->		PTFX INFO ---------------------------------->	#
# ID	DECAL	<---- STRETCH ----->	RANGE	COL_TINT			SIZE ----->		OVERLAY	DUPLIC	LIFE ----->		FADEIN	EXCLUS	SHOTGUN	---->		FX_SYS					RANGE	FX		LOD		#
#		ID		ID		DOT		MULT			R   G	B	A		MIN		MAX		MAX RAD	REJECT	MIN		MAX				MTL		DECAL	SCALE	    								SCALE	SCALE	#
#########################################################################################################################################################################################################

# FIRE
900		4421	4421	0.0		1.0		100.0	255 255	255	255		1.8		2.2		0.0		2.1		30.0	40.0	1.0		0		-1		1.0	    	-						60.0	1.0		1.0


# ROCKETS
901		4421	4421	0.0		1.0		100.0	255 255	255	255		3.0		4.2		0.0		2.0		-1.0	-1.0	0.25	0		-1		1.0	    	-						60.0	1.0		1.0
902		4421	4421	0.0		1.0		100.0	255 255	255	255		3.0		4.5		0.0		1.0		-1.0	-1.0	0.25	0		-1		1.0	    	-						60.0	1.0		1.0
903		4421	4421	0.0		1.0		100.0	255 255	255	255		3.0		3.5		0.0		2.0		-1.0	-1.0	0.25	0		-1		1.0	    	-						60.0	1.0		1.0
904		4422	4422	0.0		1.0		100.0	255 255	255	255		3.0		4.5		0.0		2.0		-1.0	-1.0	0.25	0		-1		1.0	    	-						60.0	1.0		1.0
905		4425	4425	0.0		1.0		100.0	255 255	255	255		3.0		3.5		0.0		2.0		-1.0	-1.0	0.25	0		-1		1.0	    	-						60.0	1.0		1.0
906		4421	4421	0.0		1.0		100.0	255 255	255	255		3.0		4.2		0.0		2.0		-1.0	-1.0	0.25	0		-1		1.0	    	-						60.0	1.0		1.0
907		4421	4421	0.0		1.0		100.0	255 255	255	255		3.0		4.2		0.0		2.0		-1.0	-1.0	0.25	0		-1		1.0	    	-						60.0	1.0		1.0
908		4421	4421	0.0		1.0		100.0	255 255	255	255		3.5		4.8		0.0		2.0		-1.0	-1.0	0.25	0		-1		1.0	    	-						60.0	1.0		1.0

#GRENADE
909		4422	4422	0.0		1.0		100.0	255 255	255	255		2.25	2.75	0.0		1.5		-1.0	-1.0	0.25	0		-1		1.0	    	-						60.0	1.0		1.0
910		4425	4425	0.0		1.0		100.0	255 255	255	255		2.25	2.75	0.0		1.5		-1.0	-1.0	0.25	0		-1		1.0	    	-						60.0	1.0		1.0
911		4421	4421	0.0		1.0		100.0	255 255	255	255		2.25	2.75	0.0		1.5		-1.0	-1.0	0.25	0		-1		1.0	    	-						60.0	1.0		1.0

# MOLOTOV EXPLOSIONS
950		4421	4421	0.0		1.0		100.0	255 255	255	255		2.8		3.5		0.0		2.0		20.0	35.0	0.8		0		-1		1.0	    	-						60.0	1.0		1.0

# GENERIC
999		0		0		0.0		1.0		20.0	255 255	255	255		0.0		0.0		0.2		0.0		-1.0	-1.0	0.0		0		-1		1.0			bul_rubber_dust			60.0	1.0		1.0

WEAPONFX_INFO_END
